18
47
00
17
40
00
21
55
00
20
32
00
22
50
00
10
02
00
21
30
00
21
15
00
19
06
00
18
41
00
18
44
00
23
50
00
18
41
00
10
56
00
19
25
00
19
25
00
20
59
00
23
22
00
18
17
00
11
50
00
16
38
00
19
10
00
18
58
00
20
58
00
18
33
00
20
20
00
18
43
00
22
21
00
21
14
00
21
34
00
20
25
00
18
30
00
13
36
00
18
04
00
21
51
00
21
38
00
19
28
00
14
20
00
21
27
00
18
24
00
18
25
00
13
27
00
21
25
00
13
34
00
19
43
00
13
10
00
13
59
00
19
29
00
17
18
00
18
17
00
23
09
00
19
19
00
18
34
00
20
27
00
13
00
00
17
59
00
21
35
00
22
12
00
23
59
00
21
11
00
14
00
00
11
07
00
18
29
00
22
38
00
17
45
00
22
51
00
18
11
00
19
37
00
19
19
00
19
36
00
15
31
00
22
35
00
19
41
00
22
21
00
19
43
00
17
25
00
23
08
00
19
53
00
21
01
00
20
12
00
18
47
00
21
57
00
20
52
00
21
35
00
22
50
00
19
47
00
19
59
00
22
21
00
18
17
00
19
18
00
